00000000000000000000000000000
00000000000000000000000000000
00000000000000000000000000000
00000000000000000000000000000
00000000000000000000000000000
00000000000000000000000000000
00000000000000000000000000000
00001111111111111111111000000
00001111111111111111111000000
00001111111111111111111000000
00001111111111111111111000000
00001111111111111111111000000
00001111111111111111111000000
00001111111111111111111000000
00001111111111111111111000000
00001111111111111111111000000
00001111111111111111111000000
00001111111111111111111000000
00001111111111111111111000000
00001111111111111111111000000
00001111111111111111111000000
00001111111111111111111000000
00001111111111111111111000000
00000000000000000000000000000
00000000000000000000000000000
00000000000000000000000000000
00000000000000000000000000000
00000000000000000000000000000
00000000000000000000000000000
00000000000000000000000000000